# chi_f pdf
0.000000000000000000e+00 5.995779140202103148e-19
1.001001001001000992e-03 1.248528979960104239e-18
2.002002002002001985e-03 2.580094081735747398e-18
3.003003003003002977e-03 5.291230544677024650e-18
4.004004004004003969e-03 1.076867758949969145e-17
5.005005005005004962e-03 2.174968355690969708e-17
6.006006006006005954e-03 4.359420169861144570e-17
7.007007007007006946e-03 8.671417267099829304e-17
8.008008008008007939e-03 1.711738312466373859e-16
9.009009009009008931e-03 3.353288822902776028e-16
1.001001001001000992e-02 6.519154002545315826e-16
1.101101101101101092e-02 1.257762397904825975e-15
1.201201201201201191e-02 2.408205102116426081e-15
1.301301301301301290e-02 4.575897233089633463e-15
1.401401401401401389e-02 8.628740708232170341e-15
1.501501501501501488e-02 1.614757827699002223e-14
1.601601601601601588e-02 2.998863345591621551e-14
1.701701701701701513e-02 5.527079906755822670e-14
1.801801801801801786e-02 1.010939374730255539e-13
1.901901901901902059e-02 1.835039063074383220e-13
2.002002002002001985e-02 3.305650246317577906e-13
2.102102102102101910e-02 5.909632176597207989e-13
2.202202202202202183e-02 1.048471336520986750e-12
2.302302302302302456e-02 1.846060208862569417e-12
2.402402402402402382e-02 3.225737341983361757e-12
2.502502502502502307e-02 5.593796536335294029e-12
2.602602602602602580e-02 9.626747184152853983e-12
2.702702702702702853e-02 1.644176554353265605e-11
2.802802802802802778e-02 2.786853251029055255e-11
2.902902902902902704e-02 4.687889154127980915e-11
3.003003003003002977e-02 7.825985004775093996e-11
3.103103103103103250e-02 1.296582137055639601e-10
3.203203203203203175e-02 2.131873099128944959e-10
3.303303303303303101e-02 3.478755883791664654e-10
3.403403403403403027e-02 5.633637456049123648e-10
3.503503503503503647e-02 9.054349972597968063e-10
3.603603603603603572e-02 1.444209715337665251e-09
3.703703703703703498e-02 2.286172924847989306e-09
3.803803803803804118e-02 3.591658328204287451e-09
3.903903903903904044e-02 5.600018287383287644e-09
4.004004004004003969e-02 8.665503654014927314e-09
4.104104104104103895e-02 1.330790331497978237e-08
4.204204204204203821e-02 2.028329670756589746e-08
4.304304304304304440e-02 3.068189941759292138e-08
4.404404404404404366e-02 4.606197401930195927e-08
4.504504504504504292e-02 6.863116641688191029e-08
4.604604604604604912e-02 1.014894233845784507e-07
4.704704704704704837e-02 1.489508303231857521e-07
4.804804804804804763e-02 2.169652158161001212e-07
4.904904904904904689e-02 3.136640782092216251e-07
5.005005005005004615e-02 4.500591000972249950e-07
5.105105105105105234e-02 6.409249383672520093e-07
5.205205205205205160e-02 9.059007140546640404e-07
5.305305305305305086e-02 1.270846167650772495e-06
5.405405405405405705e-02 1.769488167769103712e-06
5.505505505505505631e-02 2.445390438370538966e-06
5.605605605605605557e-02 3.354273201791683046e-06
5.705705705705705483e-02 4.566699093386409478e-06
5.805805805805805409e-02 6.171126400211112091e-06
5.905905905905906028e-02 8.277309751742551266e-06
6.006006006006005954e-02 1.102000142503455887e-05
6.106106106106105880e-02 1.456287336385083780e-05
6.206206206206206499e-02 1.910254129060726431e-05
6.306306306306305731e-02 2.487252897261136799e-05
6.406406406406406351e-02 3.214696457793285390e-05
6.506506506506506970e-02 4.124375470090991175e-05
6.606606606606606202e-02 5.252693843007325822e-05
6.706706706706706822e-02 6.640788787481448547e-05
6.806806806806806054e-02 8.334499752400893096e-05
6.906906906906906674e-02 1.038414976352478665e-04
7.007007007007007293e-02 1.284410414267016676e-04
7.107107107107106525e-02 1.577207565120694068e-04
7.207207207207207145e-02 1.922815210784929469e-04
7.307307307307307764e-02 2.327353264620165728e-04
7.407407407407406996e-02 2.796897196265925398e-04
7.507507507507507616e-02 3.337294786787841131e-04
7.607607607607608236e-02 3.953958562388070613e-04
7.707707707707707467e-02 4.651639206824915540e-04
7.807807807807808087e-02 5.434187227727761390e-04
7.907907907907907319e-02 6.304312016728414944e-04
8.008008008008007939e-02 7.263349050698827839e-04
8.108108108108108558e-02 8.311047181015907134e-04
8.208208208208207790e-02 9.445388608224523572e-04
8.308308308308308410e-02 1.066245412138594039e-03
8.408408408408407642e-02 1.195634541042060218e-03
8.508508508508508261e-02 1.331917469780519343e-03
8.608608608608608881e-02 1.474112959965700759e-03
8.708708708708708113e-02 1.621061809111465791e-03
8.808808808808808732e-02 1.771449485097844299e-03
8.908908908908909352e-02 1.923836628231444679e-03
9.009009009009008584e-02 2.076696737717139817e-03
9.109109109109109204e-02 2.228459956877594864e-03
9.209209209209209823e-02 2.377561505498476668e-03
9.309309309309309055e-02 2.522493003084655579e-03
9.409409409409409675e-02 2.661854705131683034e-03
9.509509509509508907e-02 2.794406552200780474e-03
9.609609609609609526e-02 2.919115918596286181e-03
9.709709709709710146e-02 3.035200046379324477e-03
9.809809809809809378e-02 3.142161356285603536e-03
9.909909909909909997e-02 3.239814127579528254e-03
1.001001001001000923e-01 3.328301415438016542e-03
1.011011011011010985e-01 3.408101503796380233e-03
1.021021021021021047e-01 3.480023647440172278e-03
1.031031031031030970e-01 3.545193312302573427e-03
1.041041041041041032e-01 3.605027551344002802e-03
1.051051051051051094e-01 3.661201531927764201e-03
1.061061061061061017e-01 3.715607540643563449e-03
1.071071071071071079e-01 3.770308020063278722e-03
1.081081081081081141e-01 3.827484332166651744e-03
1.091091091091091064e-01 3.889382994713432105e-03
1.101101101101101126e-01 3.958261105183982428e-03
1.111111111111111049e-01 4.036332562726048165e-03
1.121121121121121111e-01 4.125716536478036232e-03
1.131131131131131173e-01 4.228389425915264795e-03
1.141141141141141097e-01 4.346141333757600964e-03
1.151151151151151159e-01 4.480537842250249293e-03
1.161161161161161082e-01 4.632887665090229014e-03
1.171171171171171144e-01 4.804216552509871230e-03
1.181181181181181206e-01 4.995247664471371557e-03
1.191191191191191129e-01 5.206388500257692203e-03
1.201201201201201191e-01 5.437724380780610718e-03
1.211211211211211253e-01 5.689018416953925926e-03
1.221221221221221176e-01 5.959717854070926621e-03
1.231231231231231238e-01 6.248966646375162491e-03
1.241241241241241300e-01 6.555624075104198381e-03
1.251251251251251362e-01 6.878289165244655737e-03
1.261261261261261146e-01 7.215330571701506282e-03
1.271271271271271208e-01 7.564921489382380598e-03
1.281281281281281270e-01 7.925078994013829911e-03
1.291291291291291332e-01 8.293707047481476205e-03
1.301301301301301394e-01 8.668642215075296822e-03
1.311311311311311179e-01 9.047700959092687747e-03
1.321321321321321240e-01 9.428727213923446260e-03
1.331331331331331302e-01 9.809638833122798912e-03
1.341341341341341364e-01 1.018847144853718412e-02
1.351351351351351426e-01 1.056341831041473708e-02
1.361361361361361211e-01 1.093286479400376598e-02
1.371371371371371273e-01 1.129541646232084216e-02
1.381381381381381335e-01 1.164991985714993253e-02
1.391391391391391397e-01 1.199547553251270604e-02
1.401401401401401459e-01 1.233144322093306620e-02
1.411411411411411521e-01 1.265743940200467731e-02
1.421421421421421305e-01 1.297332789275256783e-02
1.431431431431431367e-01 1.327920437005582904e-02
1.441441441441441429e-01 1.357537594301858053e-02
1.451451451451451491e-01 1.386233700287192380e-02
1.461461461461461553e-01 1.414074258626190489e-02
1.471471471471471337e-01 1.441138040305221801e-02
1.481481481481481399e-01 1.467514252147245415e-02
1.491491491491491461e-01 1.493299749952325950e-02
1.501501501501501523e-01 1.518596353473826432e-02
1.511511511511511585e-01 1.543508300763267449e-02
1.521521521521521647e-01 1.568139864582466028e-02
1.531531531531531432e-01 1.592593145542102809e-02
1.541541541541541493e-01 1.616966056130172275e-02
1.551551551551551555e-01 1.641350516231494111e-02
1.561561561561561617e-01 1.665830892179939390e-02
1.571571571571571679e-01 1.690482724814895005e-02
1.581581581581581464e-01 1.715371803750362703e-02
1.591591591591591526e-01 1.740553651296254320e-02
1.601601601601601588e-01 1.766073476848068619e-02
1.611611611611611650e-01 1.791966648767779821e-02
1.621621621621621712e-01 1.818259704991778691e-02
1.631631631631631496e-01 1.844971886772859074e-02
1.641641641641641558e-01 1.872117134869821092e-02
1.651651651651651620e-01 1.899706438547654405e-02
1.661661661661661682e-01 1.927750380546113321e-02
1.671671671671671744e-01 1.956261681884274503e-02
1.681681681681681528e-01 1.985257524982546318e-02
1.691691691691691590e-01 2.014761427127374077e-02
1.701701701701701652e-01 2.044804452128388267e-02
1.711711711711711714e-01 2.075425587240973396e-02
1.721721721721721776e-01 2.106671173614711387e-02
1.731731731731731838e-01 2.138593357653980481e-02
1.741741741741741623e-01 2.171247621385825541e-02
1.751751751751751685e-01 2.204689544078783023e-02
1.761761761761761746e-01 2.238971035783820715e-02
1.771771771771771808e-01 2.274136356913524296e-02
1.781781781781781870e-01 2.310218288046779825e-02
1.791791791791791655e-01 2.347234834235776765e-02
1.801801801801801717e-01 2.385186834140521489e-02
1.811811811811811779e-01 2.424056795335287340e-02
1.821821821821821841e-01 2.463809195436606966e-02
1.831831831831831903e-01 2.504392379815622779e-02
1.841841841841841965e-01 2.545742058896068027e-02
1.851851851851851749e-01 2.587786271819030037e-02
1.861861861861861811e-01 2.630451550181412898e-02
1.871871871871871873e-01 2.673669897380955701e-02
1.881881881881881935e-01 2.717386106659394271e-02
1.891891891891891997e-01 2.761564883140894475e-02
1.901901901901901781e-01 2.806197218178679842e-02
1.911911911911911843e-01 2.851305490969748349e-02
1.921921921921921905e-01 2.896946841865987582e-02
1.931931931931931967e-01 2.943214469686207188e-02
1.941941941941942029e-01 2.990236643952802822e-02
1.951951951951951814e-01 3.038173382054806110e-02
1.961961961961961876e-01 3.087210908832963702e-02
1.971971971971971938e-01 3.137554179191510972e-02
1.981981981981981999e-01 3.189417890567212283e-02
1.991991991991992061e-01 3.243016530245393381e-02
2.002002002002001846e-01 3.298554083623758681e-02
2.012012012012011908e-01 3.356214067489513703e-02
2.022022022022021970e-01 3.416150544399543937e-02
2.032032032032032032e-01 3.478480720988470082e-02
2.042042042042042094e-01 3.543279638421222705e-02
2.052052052052052156e-01 3.610577334090842722e-02
2.062062062062061940e-01 3.680358699145468843e-02
2.072072072072072002e-01 3.752566087125521616e-02
2.082082082082082064e-01 3.827104556192369861e-02
2.092092092092092126e-01 3.903849462266604370e-02
2.102102102102102188e-01 3.982655973087253359e-02
2.112112112112111972e-01 4.063369952431862553e-02
2.122122122122122034e-01 4.145839576175402996e-02
2.132132132132132096e-01 4.229926991903600747e-02
2.142142142142142158e-01 4.315519323447685601e-02
2.152152152152152220e-01 4.402538350675456319e-02
2.162162162162162282e-01 4.490948260760969230e-02
2.172172172172172067e-01 4.580760965756999759e-02
2.182182182182182129e-01 4.672038606969181052e-02
2.192192192192192191e-01 4.764893012667123506e-02
2.202202202202202252e-01 4.859482034670226797e-02
2.212212212212212314e-01 4.956002853570583289e-02
2.222222222222222099e-01 5.054682504023476353e-02
2.232232232232232161e-01 5.155766023101759910e-02
2.242242242242242223e-01 5.259502759096388452e-02
2.252252252252252285e-01 5.366131488959258872e-02
2.262262262262262347e-01 5.475865074311311864e-02
2.272272272272272131e-01 5.588875434138431547e-02
2.282282282282282193e-01 5.705279623789755172e-02
2.292292292292292255e-01 5.825127782927361914e-02
2.302302302302302317e-01 5.948393649507616177e-02
2.312312312312312379e-01 6.074968234267928702e-02
2.322322322322322163e-01 6.204657113917552702e-02
2.332332332332332225e-01 6.337181636447010435e-02
2.342342342342342287e-01 6.472184145553784573e-02
2.352352352352352349e-01 6.609237131529459297e-02
2.362362362362362411e-01 6.747856012688457916e-02
2.372372372372372473e-01 6.887515054990019092e-02
2.382382382382382258e-01 7.027665758680062824e-02
2.392392392392392320e-01 7.167756890071994014e-02
2.402402402402402382e-01 7.307255223637661168e-02
2.412412412412412444e-01 7.445665992514184650e-02
2.422422422422422505e-01 7.582552030377762153e-02
2.432432432432432290e-01 7.717550627776068040e-02
2.442442442442442352e-01 7.850387221809546068e-02
2.452452452452452414e-01 7.980885186588762559e-02
2.462462462462462476e-01 8.108971186932351083e-02
2.472472472472472538e-01 8.234675789905955556e-02
2.482482482482482600e-01 8.358129285860119162e-02
2.492492492492492384e-01 8.479552938243507809e-02
2.502502502502502724e-01 8.599246143899323680e-02
2.512512512512512508e-01 8.717570226579780812e-02
2.522522522522522292e-01 8.834929790404147387e-02
2.532532532532532632e-01 8.951752712932506406e-02
2.542542542542542416e-01 9.068469948088292432e-02
2.552552552552552756e-01 9.185496329548666072e-02
2.562562562562562540e-01 9.303213511915263412e-02
2.572572572572572325e-01 9.421956061185522702e-02
2.582582582582582664e-01 9.542001513840225879e-02
2.592592592592592449e-01 9.663564975995582451e-02
2.602602602602602788e-01 9.786798545422509266e-02
2.612612612612612573e-01 9.911795527954267437e-02
2.622622622622622357e-01 1.003859910614443990e-01
2.632632632632632697e-01 1.016721482298864748e-01
2.642642642642642481e-01 1.029762598734173806e-01
2.652652652652652820e-01 1.042981090836139352e-01
2.662662662662662605e-01 1.056376073828846768e-01
2.672672672672672389e-01 1.069949665576390707e-01
2.682682682682682729e-01 1.083708515971126413e-01
2.692692692692692513e-01 1.097665036460815646e-01
2.702702702702702853e-01 1.111838238378598936e-01
2.712712712712712637e-01 1.126254114484999680e-01
2.722722722722722422e-01 1.140945528253149849e-01
2.732732732732732761e-01 1.155951607823656885e-01
2.742742742742742545e-01 1.171316673965661082e-01
2.752752752752752885e-01 1.187088761561432004e-01
2.762762762762762669e-01 1.203317820028930174e-01
2.772772772772773009e-01 1.220053697995264891e-01
2.782782782782782793e-01 1.237344030189122257e-01
2.792792792792792578e-01 1.255232149238294792e-01
2.802802802802802917e-01 1.273755141739080776e-01
2.812812812812812702e-01 1.292942157086461319e-01
2.822822822822823041e-01 1.312813060120899822e-01
2.832832832832832826e-01 1.333377496086255998e-01
2.842842842842842610e-01 1.354634410426423241e-01
2.852852852852852950e-01 1.376572038447315960e-01
2.862862862862862734e-01 1.399168352703349938e-01
2.872872872872873073e-01 1.422391930857537790e-01
2.882882882882882858e-01 1.446203185167865835e-01
2.892892892892892642e-01 1.470555877771461406e-01
2.902902902902902982e-01 1.495398834263187149e-01
2.912912912912912766e-01 1.520677761964811248e-01
2.922922922922923106e-01 1.546337078622600225e-01
2.932932932932932890e-01 1.572321661579129670e-01
2.942942942942942675e-01 1.598578436002382475e-01
2.952952952952953014e-01 1.625057732617194717e-01
2.962962962962962798e-01 1.651714359605058469e-01
2.972972972972973138e-01 1.678508348980065068e-01
2.982982982982982922e-01 1.705405353984279504e-01
2.992992992992992707e-01 1.732376690211987202e-01
3.003003003003003046e-01 1.759399028794839115e-01
3.013013013013012831e-01 1.786453764772417407e-01
3.023023023023023170e-01 1.813526097598850972e-01
3.033033033033032955e-01 1.840603873555527736e-01
3.043043043043043294e-01 1.867676251635309592e-01
3.053053053053053079e-01 1.894732265161556961e-01
3.063063063063062863e-01 1.921759360809455752e-01
3.073073073073073203e-01 1.948742004431783803e-01
3.083083083083082987e-01 1.975660448585793427e-01
3.093093093093093326e-01 2.002489759151249993e-01
3.103103103103103111e-01 2.029199197034643742e-01
3.113113113113112895e-01 2.055752044741158413e-01
3.123123123123123235e-01 2.082105955718711598e-01
3.133133133133133019e-01 2.108213886220225985e-01
3.143143143143143359e-01 2.134025644745379813e-01
3.153153153153153143e-01 2.159490063172556373e-01
3.163163163163162928e-01 2.184557757339371242e-01
3.173173173173173267e-01 2.209184404588715178e-01
3.183183183183183051e-01 2.233334423815109271e-01
3.193193193193193391e-01 2.256984902512337576e-01
3.203203203203203175e-01 2.280129578314184779e-01
3.213213213213212960e-01 2.302782652772825678e-01
3.223223223223223299e-01 2.324982195765179782e-01
3.233233233233233084e-01 2.346792892690164334e-01
3.243243243243243423e-01 2.368307895569007615e-01
3.253253253253253208e-01 2.389649564396759684e-01
3.263263263263262992e-01 2.410968926600416118e-01
3.273273273273273332e-01 2.432443738982757730e-01
3.283283283283283116e-01 2.454275105581430749e-01
3.293293293293293456e-01 2.476682682820402770e-01
3.303303303303303240e-01 2.499898585623683001e-01
3.313313313313313024e-01 2.524160189618002703e-01
3.323323323323323364e-01 2.549702099735715044e-01
3.333333333333333148e-01 2.576747619152249258e-01
3.343343343343343488e-01 2.605500099825578952e-01
3.353353353353353272e-01 2.636134583155925193e-01
3.363363363363363057e-01 2.668790143910568791e-01
3.373373373373373396e-01 2.703563331492421784e-01
3.383383383383383181e-01 2.740503060382992184e-01
3.393393393393393520e-01 2.779607238244061196e-01
3.403403403403403304e-01 2.820821339235306535e-01
3.413413413413413644e-01 2.864039036315428888e-01
3.423423423423423428e-01 2.909104905219854209e-01
3.433433433433433213e-01 2.955819110498537627e-01
3.443443443443443552e-01 3.003943886545836217e-01
3.453453453453453337e-01 3.053211539671044084e-01
3.463463463463463676e-01 3.103333625886533498e-01
3.473473473473473461e-01 3.154010907075195935e-01
3.483483483483483245e-01 3.204943658057107236e-01
3.493493493493493585e-01 3.255841889851611159e-01
3.503503503503503369e-01 3.306435069689078743e-01
3.513513513513513709e-01 3.356480954224261293e-01
3.523523523523523493e-01 3.405773205893347644e-01
3.533533533533533277e-01 3.454147529451127019e-01
3.543543543543543617e-01 3.501486141829783238e-01
3.553553553553553401e-01 3.547720468740389044e-01
3.563563563563563741e-01 3.592832041168342316e-01
3.573573573573573525e-01 3.636851639827811677e-01
3.583583583583583310e-01 3.679856802187275178e-01
3.593593593593593649e-01 3.721967862240130320e-01
3.603603603603603434e-01 3.763342736171029212e-01
3.613613613613613773e-01 3.804170696905811444e-01
3.623623623623623557e-01 3.844665397621782055e-01
3.633633633633633342e-01 3.885057409818875040e-01
3.643643643643643681e-01 3.925586537251576358e-01
3.653653653653653466e-01 3.966494154952083240e-01
3.663663663663663805e-01 4.008015804825011408e-01
3.673673673673673590e-01 4.050374257771481301e-01
3.683683683683683929e-01 4.093773228525201535e-01
3.693693693693693714e-01 4.138391904388116771e-01
3.703703703703703498e-01 4.184380423334356225e-01
3.713713713713713838e-01 4.231856410524732492e-01
3.723723723723723622e-01 4.280902654783138028e-01
3.733733733733733962e-01 4.331565977488049390e-01
3.743743743743743746e-01 4.383857315086548967e-01
3.753753753753753530e-01 4.437753002727194418e-01
3.763763763763763870e-01 4.493197210408437225e-01
3.773773773773773654e-01 4.550105445146487848e-01
3.783783783783783994e-01 4.608368994161406440e-01
3.793793793793793778e-01 4.667860146683861511e-01
3.803803803803803563e-01 4.728437997868503717e-01
3.813813813813813902e-01 4.789954609876338476e-01
3.823823823823823687e-01 4.852261284905868832e-01
3.833833833833834026e-01 4.915214694995965750e-01
3.843843843843843811e-01 4.978682615487698415e-01
3.853853853853853595e-01 5.042549024063583962e-01
3.863863863863863934e-01 5.106718355343375926e-01
3.873873873873873719e-01 5.171118741172083810e-01
3.883883883883884058e-01 5.235704117095788535e-01
3.893893893893893843e-01 5.300455133306208877e-01
3.903903903903903627e-01 5.365378870119428267e-01
3.913913913913913967e-01 5.430507419963286342e-01
3.923923923923923751e-01 5.495895455920191131e-01
3.933933933933934091e-01 5.561616957331533273e-01
3.943943943943943875e-01 5.627761302547917843e-01
3.953953953953953659e-01 5.694428965096841599e-01
3.963963963963963999e-01 5.761727060771323350e-01
3.973973973973973783e-01 5.829764988918054724e-01
3.983983983983984123e-01 5.898650392104611839e-01
3.993993993993993907e-01 5.968485625970071373e-01
4.004004004004003692e-01 6.039364887907069379e-01
4.014014014014014031e-01 6.111372102459824429e-01
4.024024024024023816e-01 6.184579606574293065e-01
4.034034034034034155e-01 6.259047622916668052e-01
4.044044044044043940e-01 6.334824458113565981e-01
4.054054054054054279e-01 6.411947318359256798e-01
4.064064064064064064e-01 6.490443600236724953e-01
4.074074074074073848e-01 6.570332491931547558e-01
4.084084084084084187e-01 6.651626710545456289e-01
4.094094094094093972e-01 6.734334205278642571e-01
4.104104104104104311e-01 6.818459673234246177e-01
4.114114114114114096e-01 6.904005762981171301e-01
4.124124124124123880e-01 6.990973878478381476e-01
4.134134134134134220e-01 7.079364539523892441e-01
4.144144144144144004e-01 7.169177301107607647e-01
4.154154154154154344e-01 7.260410279268343370e-01
4.164164164164164128e-01 7.353059371653363208e-01
4.174174174174173912e-01 7.447117293667293580e-01
4.184184184184184252e-01 7.542572573146040238e-01
4.194194194194194036e-01 7.639408655998844999e-01
4.204204204204204376e-01 7.737603271310780073e-01
4.214214214214214160e-01 7.837128187166386706e-01
4.224224224224223945e-01 7.937949459260990048e-01
4.234234234234234284e-01 8.040028235537520773e-01
4.244244244244244069e-01 8.143322134850364824e-01
4.254254254254254408e-01 8.247787169834597254e-01
4.264264264264264193e-01 8.353380137846675435e-01
4.274274274274273977e-01 8.460061363057862494e-01
4.284284284284284317e-01 8.567797641092754768e-01
4.294294294294294101e-01 8.676565217755423109e-01
4.304304304304304440e-01 8.786352627094169421e-01
4.314314314314314225e-01 8.897163221774128106e-01
4.324324324324324564e-01 9.009017249639574842e-01
4.334334334334334349e-01 9.121953362423215195e-01
4.344344344344344133e-01 9.236029482763885579e-01
4.354354354354354473e-01 9.351323000279889719e-01
4.364364364364364257e-01 9.467930312323269426e-01
4.374374374374374597e-01 9.585965766218033091e-01
4.384384384384384381e-01 9.705560093699405755e-01
4.394394394394394165e-01 9.826858452198503624e-01
4.404404404404404505e-01 9.950018199873633673e-01
4.414414414414414289e-01 1.007520653140417499e+00
4.424424424424424629e-01 1.020259809025586550e+00
4.434434434434434413e-01 1.033237265222565204e+00
4.444444444444444198e-01 1.046471294725411560e+00
4.454454454454454537e-01 1.059980265499360863e+00
4.464464464464464322e-01 1.073782457785673605e+00
4.474474474474474661e-01 1.087895896652778749e+00
4.484484484484484446e-01 1.102338194994112897e+00
4.494494494494494230e-01 1.117126400656655028e+00
4.504504504504504570e-01 1.132276840757771685e+00
4.514514514514514354e-01 1.147804956527703757e+00
4.524524524524524693e-01 1.163725123122514082e+00
4.534534534534534478e-01 1.180050450634748671e+00
4.544544544544544262e-01 1.196792564775766676e+00
4.554554554554554602e-01 1.213961368179387268e+00
4.564564564564564386e-01 1.231564785738173295e+00
4.574574574574574726e-01 1.249608499615690871e+00
4.584584584584584510e-01 1.268095681404588060e+00
4.594594594594594295e-01 1.287026730199066993e+00
4.604604604604604634e-01 1.306399026062777580e+00
4.614614614614614418e-01 1.326206708495782260e+00
4.624624624624624758e-01 1.346440489084953951e+00
4.634634634634634542e-01 1.367087506647773898e+00
4.644644644644644327e-01 1.388131231956288625e+00
4.654654654654654666e-01 1.409551427672961044e+00
4.664664664664664451e-01 1.431324167554447246e+00
4.674674674674674790e-01 1.453421917376523043e+00
4.684684684684684575e-01 1.475813678477758240e+00
4.694694694694694914e-01 1.498465193361943282e+00
4.704704704704704699e-01 1.521339211464217689e+00
4.714714714714714483e-01 1.544395811983045874e+00
4.724724724724724823e-01 1.567592779602108966e+00
4.734734734734734607e-01 1.590886027955910276e+00
4.744744744744744946e-01 1.614230064811506882e+00
4.754754754754754731e-01 1.637578492121400053e+00
4.764764764764764515e-01 1.660884533333362167e+00
4.774774774774774855e-01 1.684101579603293208e+00
4.784784784784784639e-01 1.707183745838616762e+00
4.794794794794794979e-01 1.730086426806401567e+00
4.804804804804804763e-01 1.752766842877506059e+00
4.814814814814814548e-01 1.775184564381941499e+00
4.824824824824824887e-01 1.797302003060796016e+00
4.834834834834834671e-01 1.819084858788101666e+00
4.844844844844845011e-01 1.840502509687673260e+00
4.854854854854854795e-01 1.861528334088949244e+00
4.864864864864864580e-01 1.882139953567152579e+00
4.874874874874874919e-01 1.902319387703080178e+00
4.884884884884884704e-01 1.922053113268850311e+00
4.894894894894895043e-01 1.941332023349569891e+00
4.904904904904904828e-01 1.960151285438702651e+00
4.914914914914914612e-01 1.978510101723886416e+00
4.924924924924924952e-01 1.996411379440587996e+00
4.934934934934934736e-01 2.013861324070226999e+00
4.944944944944945076e-01 2.030868972963197461e+00
4.954954954954954860e-01 2.047445691292568704e+00
4.964964964964965199e-01 2.063604655668931365e+00
4.974974974974974984e-01 2.079360352867953399e+00
4.984984984984984768e-01 2.094728121581296065e+00
4.994994994994995108e-01 2.109723763647953110e+00
5.005005005005005447e-01 2.124363247739443850e+00
5.015015015015015232e-01 2.138662523013993955e+00
5.025025025025025016e-01 2.152637453063326767e+00
5.035035035035034801e-01 2.166303871969285311e+00
5.045045045045044585e-01 2.179677755051363963e+00
5.055055055055055480e-01 2.192775487615935326e+00
5.065065065065065264e-01 2.205614206470342342e+00
5.075075075075075048e-01 2.218212181892080359e+00
5.085085085085084833e-01 2.230589202808209937e+00
5.095095095095094617e-01 2.242766925662220689e+00
5.105105105105105512e-01 2.254769148134762258e+00
5.115115115115115296e-01 2.266621972603757751e+00
5.125125125125125081e-01 2.278353830784445311e+00
5.135135135135134865e-01 2.289995349926900126e+00
5.145145145145144649e-01 2.301579051606795989e+00
5.155155155155155544e-01 2.313138885699211222e+00
5.165165165165165329e-01 2.324709613663197949e+00
5.175175175175175113e-01 2.336326065882084357e+00
5.185185185185184897e-01 2.348022306667485459e+00
5.195195195195194682e-01 2.359830746979509453e+00
5.205205205205205576e-01 2.371781248483188165e+00
5.215215215215215361e-01 2.383900263061068614e+00
5.225225225225225145e-01 2.396210049397653918e+00
5.235235235235234930e-01 2.408728003065794265e+00
5.245245245245244714e-01 2.421466129213903695e+00
5.255255255255255609e-01 2.434430678159106520e+00
5.265265265265265393e-01 2.447621954710109904e+00
5.275275275275275177e-01 2.461034302646928129e+00
5.285285285285284962e-01 2.474656257183724506e+00
5.295295295295294746e-01 2.488470851012797969e+00
5.305305305305305641e-01 2.502456054076804826e+00
5.315315315315315425e-01 2.516585323742298819e+00
5.325325325325325210e-01 2.530828240552096542e+00
5.335335335335334994e-01 2.545151205028341135e+00
5.345345345345344779e-01 2.559518172748559639e+00
5.355355355355355673e-01 2.573891407690038768e+00
5.365365365365365458e-01 2.588232237158724303e+00
5.375375375375375242e-01 2.602501795018524522e+00
5.385385385385385026e-01 2.616661743024284004e+00
5.395395395395394811e-01 2.630674962526283522e+00
5.405405405405405705e-01 2.644506210494014020e+00
5.415415415415415490e-01 2.658122734651496177e+00
5.425425425425425274e-01 2.671494842615374399e+00
5.435435435435435059e-01 2.684596419465588468e+00
5.445445445445444843e-01 2.697405387406636379e+00
5.455455455455455738e-01 2.709904100386727244e+00
5.465465465465465522e-01 2.722079666005169152e+00
5.475475475475475307e-01 2.733924186985578153e+00
5.485485485485485091e-01 2.745434915081246707e+00
5.495495495495495986e-01 2.756614311575516396e+00
5.505505505505505770e-01 2.767470010506046574e+00
5.515515515515515554e-01 2.778014683258204442e+00
5.525525525525525339e-01 2.788265806032650396e+00
5.535535535535535123e-01 2.798245334652052829e+00
5.545545545545546018e-01 2.807979293962689749e+00
5.555555555555555802e-01 2.817497291462220055e+00
5.565565565565565587e-01 2.826831966541421881e+00
5.575575575575575371e-01 2.836018387742770486e+00
5.585585585585585155e-01 2.845093410673151801e+00
5.595595595595596050e-01 2.854095008730036298e+00
5.605605605605605835e-01 2.863061587760164617e+00
5.615615615615615619e-01 2.872031294400675616e+00
5.625625625625625403e-01 2.881041326435473504e+00
5.635635635635635188e-01 2.890127252319226958e+00
5.645645645645646082e-01 2.899322346350921009e+00
5.655655655655655867e-01 2.908656946016847655e+00
5.665665665665665651e-01 2.918157838874298360e+00
5.675675675675675436e-01 2.927847688000268178e+00
5.685685685685685220e-01 2.937744507332821442e+00
5.695695695695696115e-01 2.947861200915200985e+00
5.705705705705705899e-01 2.958205182732960736e+00
5.715715715715715683e-01 2.968778096050315174e+00
5.725725725725725468e-01 2.979575652431182942e+00
5.735735735735735252e-01 2.990587610509930272e+00
5.745745745745746147e-01 3.001797912696280157e+00
5.755755755755755931e-01 3.013184994117796833e+00
5.765765765765765716e-01 3.024722272178506977e+00
5.775775775775775500e-01 3.036378817293502674e+00
5.785785785785785285e-01 3.048120196019827421e+00
5.795795795795796179e-01 3.059909467511099379e+00
5.805805805805805964e-01 3.071708303711501831e+00
5.815815815815815748e-01 3.083478193811298951e+00
5.825825825825825532e-01 3.095181685089084755e+00
5.835835835835835317e-01 3.106783606189572389e+00
5.845845845845846211e-01 3.118252215843826836e+00
5.855855855855855996e-01 3.129560220525633429e+00
5.865865865865865780e-01 3.140685608801432771e+00
5.875875875875875565e-01 3.151612258120481513e+00
5.885885885885885349e-01 3.162330281128343135e+00
5.895895895895896244e-01 3.172836092619603310e+00
5.905905905905906028e-01 3.183132194045645846e+00
5.915915915915915813e-01 3.193226688968522353e+00
5.925925925925925597e-01 3.203132558801058849e+00
5.935935935935935381e-01 3.212866742403187814e+00
5.945945945945946276e-01 3.222449074535349567e+00
5.955955955955956060e-01 3.231901145914371387e+00
5.965965965965965845e-01 3.241245151089028109e+00
5.975975975975975629e-01 3.250502789283992833e+00
5.985985985985985414e-01 3.259694277874599866e+00
5.995995995995996308e-01 3.268837528709339857e+00
6.006006006006006093e-01 3.277947524884953445e+00
6.016016016016015877e-01 3.287035920825198687e+00
6.026026026026025662e-01 3.296110872812328729e+00
6.036036036036035446e-01 3.305177091687720115e+00
6.046046046046046341e-01 3.314236095445689312e+00
6.056056056056056125e-01 3.323286627876086641e+00
6.066066066066065909e-01 3.332325201006416382e+00
6.076076076076075694e-01 3.341346714275028162e+00
6.086086086086086588e-01 3.350345102216581328e+00
6.096096096096096373e-01 3.359313964720788803e+00
6.106106106106106157e-01 3.368247139111138377e+00
6.116116116116115942e-01 3.377139180647746652e+00
6.126126126126125726e-01 3.385985726735817103e+00
6.136136136136136621e-01 3.394783729242924597e+00
6.146146146146146405e-01 3.403531548102693538e+00
6.156156156156156189e-01 3.412228907165777425e+00
6.166166166166165974e-01 3.420876719629108997e+00
6.176176176176175758e-01 3.429476795150795176e+00
6.186186186186186653e-01 3.438031443994681080e+00
6.196196196196196437e-01 3.446542995502324569e+00
6.206206206206206222e-01 3.455013249259180075e+00
6.216216216216216006e-01 3.463442877964073574e+00
6.226226226226225791e-01 3.471830801666559108e+00
6.236236236236236685e-01 3.480173554042663486e+00
6.246246246246246470e-01 3.488464662916358705e+00
6.256256256256256254e-01 3.496694069277775263e+00
6.266266266266266038e-01 3.504847611372586602e+00
6.276276276276275823e-01 3.512906602626451491e+00
6.286286286286286717e-01 3.520847533677728514e+00
6.296296296296296502e-01 3.528641929010296607e+00
6.306306306306306286e-01 3.536256387026074588e+00
6.316316316316316071e-01 3.543652828406310906e+00
6.326326326326325855e-01 3.550788971001795247e+00
6.336336336336336750e-01 3.557619040253047427e+00
6.346346346346346534e-01 3.564094712528572906e+00
6.356356356356356319e-01 3.570166275357296026e+00
6.366366366366366103e-01 3.575783974123358799e+00
6.376376376376375887e-01 3.580899500418551096e+00
6.386386386386386782e-01 3.585467564042869704e+00
6.396396396396396566e-01 3.589447479744249048e+00
6.406406406406406351e-01 3.592804692264958799e+00
6.416416416416416135e-01 3.595512159953132780e+00
6.426426426426425920e-01 3.597551518700030648e+00
6.436436436436436814e-01 3.598913954490029710e+00
6.446446446446446599e-01 3.599600724271176055e+00
6.456456456456456383e-01 3.599623280635960487e+00
6.466466466466466168e-01 3.599002975080518141e+00
6.476476476476475952e-01 3.597770336235052824e+00
6.486486486486486847e-01 3.595963942072740949e+00
6.496496496496496631e-01 3.593628927267853879e+00
6.506506506506506415e-01 3.590815187143167719e+00
6.516516516516516200e-01 3.587575356704971075e+00
6.526526526526525984e-01 3.583962656003209624e+00
6.536536536536536879e-01 3.580028700655558449e+00
6.546546546546546663e-01 3.575821378369614667e+00
6.556556556556556448e-01 3.571382888590020066e+00
6.566566566566566232e-01 3.566748033264433460e+00
6.576576576576576016e-01 3.561942832794899871e+00
6.586586586586586911e-01 3.556983523449749551e+00
6.596596596596596696e-01 3.551875972008796900e+00
6.606606606606606480e-01 3.546615521513200697e+00
6.616616616616616264e-01 3.541187260048412888e+00
6.626626626626626049e-01 3.535566683824111323e+00
6.636636636636636943e-01 3.529720707629448562e+00
6.646646646646646728e-01 3.523608961021722941e+00
6.656656656656656512e-01 3.517185298086653145e+00
6.666666666666666297e-01 3.510399442709545959e+00
6.676676676676676081e-01 3.503198690119673664e+00
6.686686686686686976e-01 3.495529588810156962e+00
6.696696696696696760e-01 3.487339534276904462e+00
6.706706706706706544e-01 3.478578216640518139e+00
6.716716716716716329e-01 3.469198877184086705e+00
6.726726726726726113e-01 3.459159343158543898e+00
6.736736736736737008e-01 3.448422824838003553e+00
6.746746746746746792e-01 3.436958472779253704e+00
6.756756756756756577e-01 3.424741705713952644e+00
6.766766766766766361e-01 3.411754329809575825e+00
6.776776776776777256e-01 3.397984477736959885e+00
6.786786786786787040e-01 3.383426400870964468e+00
6.796796796796796825e-01 3.368080150037846554e+00
6.806806806806806609e-01 3.351951179742627573e+00
6.816816816816816393e-01 3.335049908141473729e+00
6.826826826826827288e-01 3.317391260673029141e+00
6.836836836836837072e-01 3.298994219798481176e+00
6.846846846846846857e-01 3.279881397274991173e+00
6.856856856856856641e-01 3.260078639344200724e+00
6.866866866866866426e-01 3.239614669589546914e+00
6.876876876876877320e-01 3.218520769352624988e+00
6.886886886886887105e-01 3.196830491723521739e+00
6.896896896896896889e-01 3.174579402349991142e+00
6.906906906906906674e-01 3.151804838654419516e+00
6.916916916916916458e-01 3.128545678443522160e+00
6.926926926926927353e-01 3.104842109207091028e+00
6.936936936936937137e-01 3.080735390474960589e+00
6.946946946946946921e-01 3.056267603245856002e+00
6.956956956956956706e-01 3.031481382544621628e+00
6.966966966966966490e-01 3.006419631428352002e+00
6.976976976976977385e-01 2.981125217093319346e+00
6.986986986986987169e-01 2.955640651992176515e+00
6.996996996996996954e-01 2.930007764927130776e+00
7.007007007007006738e-01 2.904267368835921737e+00
7.017017017017016522e-01 2.878458933332305847e+00
7.027027027027027417e-01 2.852620270931593538e+00
7.037037037037037202e-01 2.826787246226690531e+00
7.047047047047046986e-01 2.800993517054734205e+00
7.057057057057056770e-01 2.775270315915760566e+00
7.067067067067066555e-01 2.749646278608901540e+00
7.077077077077077449e-01 2.724147325320287472e+00
7.087087087087087234e-01 2.698796597330676228e+00
7.097097097097097018e-01 2.673614450244236274e+00
7.107107107107106803e-01 2.648618502315172485e+00
7.117117117117116587e-01 2.623823734201822688e+00
7.127127127127127482e-01 2.599242634437462840e+00
7.137137137137137266e-01 2.574885383163967312e+00
7.147147147147147050e-01 2.550760065295074597e+00
7.157157157157156835e-01 2.526872903279340665e+00
7.167167167167166619e-01 2.503228499017067232e+00
7.177177177177177514e-01 2.479830074213879687e+00
7.187187187187187298e-01 2.456679698492822084e+00
7.197197197197197083e-01 2.433778494901029710e+00
7.207207207207206867e-01 2.411126813021552184e+00
7.217217217217216652e-01 2.388724360752871423e+00
7.227227227227227546e-01 2.366570286986462879e+00
7.237237237237237331e-01 2.344663208964802958e+00
7.247247247247247115e-01 2.323001180110174868e+00
7.257257257257256899e-01 2.301581596640215555e+00
7.267267267267266684e-01 2.280401044354448903e+00
7.277277277277277578e-01 2.259455090553748491e+00
7.287287287287287363e-01 2.238738030031457438e+00
7.297297297297297147e-01 2.218242598255589115e+00
7.307307307307306932e-01 2.197959668965504321e+00
7.317317317317316716e-01 2.177877957090147643e+00
7.327327327327327611e-01 2.157983750769913556e+00
7.337337337337337395e-01 2.138260697946736233e+00
7.347347347347347180e-01 2.118689673132345241e+00
7.357357357357356964e-01 2.099248748324990199e+00
7.367367367367367859e-01 2.079913288491169965e+00
7.377377377377377643e-01 2.060656186603530227e+00
7.387387387387387427e-01 2.041448246138097833e+00
7.397397397397397212e-01 2.022258710563977768e+00
7.407407407407406996e-01 2.003055930238497151e+00
7.417417417417417891e-01 1.983808147886195306e+00
7.427427427427427675e-01 1.964484375183207510e+00
7.437437437437437460e-01 1.945055325573584293e+00
7.447447447447447244e-01 1.925494362922593128e+00
7.457457457457457028e-01 1.905778422446030129e+00
7.467467467467467923e-01 1.885888859847784982e+00
7.477477477477477708e-01 1.865812186848260890e+00
7.487487487487487492e-01 1.845540656170815419e+00
7.497497497497497276e-01 1.825072666242751218e+00
7.507507507507507061e-01 1.804412964855896639e+00
7.517517517517517955e-01 1.783572641179350216e+00
7.527527527527527740e-01 1.762568906113029188e+00
7.537537537537537524e-01 1.741424671294397930e+00
7.547547547547547309e-01 1.720167946448532881e+00
7.557557557557557093e-01 1.698831082639450152e+00
7.567567567567567988e-01 1.677449894917440343e+00
7.577577577577577772e-01 1.656062701617420307e+00
7.587587587587587556e-01 1.634709319074291178e+00
7.597597597597597341e-01 1.613430049893600726e+00
7.607607607607607125e-01 1.592264700390846111e+00
7.617617617617618020e-01 1.571251658758518799e+00
7.627627627627627804e-01 1.550427060359635290e+00
7.637637637637637589e-01 1.529824060735295532e+00
7.647647647647647373e-01 1.509472230884361776e+00
7.657657657657657158e-01 1.489397083505589414e+00
7.667667667667668052e-01 1.469619733485652668e+00
7.677677677677677837e-01 1.450156691181754054e+00
7.687687687687687621e-01 1.431019783091367792e+00
7.697697697697697405e-01 1.412216191355191164e+00
7.707707707707707190e-01 1.393748601152088540e+00
7.717717717717718084e-01 1.375615443326912546e+00
7.727727727727727869e-01 1.357811218424433308e+00
7.737737737737737653e-01 1.340326887566746006e+00
7.747747747747747438e-01 1.323150315207907157e+00
7.757757757757757222e-01 1.306266748657540333e+00
7.767767767767768117e-01 1.289659319352478795e+00
7.777777777777777901e-01 1.273309551174713228e+00
7.787787787787787686e-01 1.257197861690776852e+00
7.797797797797797470e-01 1.241304043071116414e+00
7.807807807807807254e-01 1.225607710672714568e+00
7.817817817817818149e-01 1.210088708866044360e+00
7.827827827827827933e-01 1.194727465650743170e+00
7.837837837837837718e-01 1.179505289892977205e+00
7.847847847847847502e-01 1.164404607548009452e+00
7.857857857857857287e-01 1.149409135884017275e+00
7.867867867867868181e-01 1.134503997347419579e+00
7.877877877877877966e-01 1.119675777142323803e+00
7.887887887887887750e-01 1.104912530674649451e+00
7.897897897897897534e-01 1.090203748592785349e+00
7.907907907907907319e-01 1.075540288136634048e+00
7.917917917917918214e-01 1.060914279829302309e+00
7.927927927927927998e-01 1.046319018215768892e+00
7.937937937937937782e-01 1.031748844432766488e+00
7.947947947947947567e-01 1.017199027006019829e+00
7.957957957957957351e-01 1.002665645578084685e+00
7.967967967967968246e-01 9.881454804678523329e-01
7.977977977977978030e-01 9.736359092527675507e-01
7.987987987987987815e-01 9.591348101372194623e-01
7.997997997997997599e-01 9.446404708823292751e-01
8.008008008008007383e-01 9.301515016268624425e-01
8.018018018018018278e-01 9.156667500689635864e-01
8.028028028028028062e-01 9.011852181719838262e-01
8.038038038038037847e-01 8.867059807074777478e-01
8.048048048048047631e-01 8.722281073930489015e-01
8.058058058058058526e-01 8.577505919182525362e-01
8.068068068068068310e-01 8.432722925470846898e-01
8.078078078078078095e-01 8.287918900149409129e-01
8.088088088088087879e-01 8.143078688960980749e-01
8.098098098098097664e-01 7.998185283560433900e-01
8.108108108108108558e-01 7.853220271402271413e-01
8.118118118118118343e-01 7.708164657922339513e-01
8.128128128128128127e-01 7.563000065357605717e-01
8.138138138138137911e-01 7.417710281786765725e-01
8.148148148148147696e-01 7.272283100603939010e-01
8.158158158158158590e-01 7.126712357754810823e-01
8.168168168168168375e-01 6.981000044994444265e-01
8.178178178178178159e-01 6.835158355438446520e-01
8.188188188188187944e-01 6.689211505591812212e-01
8.198198198198197728e-01 6.543197177972903678e-01
8.208208208208208623e-01 6.397167441501369067e-01
8.218218218218218407e-01 6.251189032954358460e-01
8.228228228228228192e-01 6.105342920713596744e-01
8.238238238238237976e-01 5.959723119284293658e-01
8.248248248248247760e-01 5.814434776178788455e-01
8.258258258258258655e-01 5.669591607527770805e-01
8.268268268268268439e-01 5.525312810633995486e-01
8.278278278278278224e-01 5.381719626086864938e-01
8.288288288288288008e-01 5.238931754939212260e-01
8.298298298298297793e-01 5.097063854613602674e-01
8.308308308308308687e-01 4.956222338622657264e-01
8.318318318318318472e-01 4.816502689242987967e-01
8.328328328328328256e-01 4.677987459855399432e-01
8.338338338338338041e-01 4.540745097069308067e-01
8.348348348348347825e-01 4.404829655584070469e-01
8.358358358358358720e-01 4.270281415530546854e-01
8.368368368368368504e-01 4.137128347879072132e-01
8.378378378378378288e-01 4.005388313583502224e-01
8.388388388388388073e-01 3.875071831280978985e-01
8.398398398398397857e-01 3.746185210619466521e-01
8.408408408408408752e-01 3.618733826529243469e-01
8.418418418418418536e-01 3.492725305503143196e-01
8.428428428428428321e-01 3.368172408205965529e-01
8.438438438438438105e-01 3.245095422046367917e-01
8.448448448448447889e-01 3.123523919941255111e-01
8.458458458458458784e-01 3.003497793587677767e-01
8.468468468468468568e-01 2.885067526653654069e-01
8.478478478478478353e-01 2.768293730664840302e-01
8.488488488488488137e-01 2.653246019407053957e-01
8.498498498498497922e-01 2.540001342326080880e-01
8.508508508508508816e-01 2.428641930483531886e-01
8.518518518518518601e-01 2.319253028015223761e-01
8.528528528528528385e-01 2.211920586834734137e-01
8.538538538538538170e-01 2.106729092876977738e-01
8.548548548548547954e-01 2.003759669959161993e-01
8.558558558558558849e-01 1.903088574796460986e-01
8.568568568568568633e-01 1.804786156994716839e-01
8.578578578578578417e-01 1.708916314512999302e-01
8.588588588588588202e-01 1.615536431806218476e-01
8.598598598598597986e-01 1.524697748073414738e-01
8.608608608608608881e-01 1.436446069735233255e-01
8.618618618618618665e-01 1.350822716744322638e-01
8.628628628628628450e-01 1.267865578064989174e-01
8.638638638638638234e-01 1.187610148226968393e-01
8.648648648648649129e-01 1.110090423949618155e-01
8.658658658658658913e-01 1.035339556340111045e-01
8.668668668668668698e-01 9.633901783039305888e-02
8.678678678678678482e-01 8.942743563027512332e-02
8.688688688688688266e-01 8.280231479023614227e-02
8.698698698698699161e-01 7.646657790629701745e-02
8.708708708708708945e-01 7.042284853692873381e-02
8.718718718718718730e-01 6.467330872373711070e-02
8.728728728728728514e-01 5.921953888975920594e-02
8.738738738738738299e-01 5.406235035271374917e-02
8.748748748748749193e-01 4.920162117906800442e-02
8.758758758758758978e-01 4.463614583415817516e-02
8.768768768768768762e-01 4.036350811841783043e-02
8.778778778778778547e-01 3.637998533027004405e-02
8.788788788788788331e-01 3.268048960607995018e-02
8.798798798798799226e-01 2.925855012087603957e-02
8.808808808808809010e-01 2.610633746039551367e-02
8.818818818818818794e-01 2.321472915894588068e-02
8.828828828828828579e-01 2.057341328400947786e-02
8.838838838838838363e-01 1.817102515590974035e-02
8.848848848848849258e-01 1.599531090515411008e-02
8.858858858858859042e-01 1.403331064146916100e-02
8.868868868868868827e-01 1.227155355210814494e-02
8.878878878878878611e-01 1.069625724514624600e-02
8.888888888888888395e-01 9.293524060868063250e-03
8.898898898898899290e-01 8.049527824409218740e-03
8.908908908908909074e-01 6.950685524509667319e-03
8.918918918918918859e-01 5.983809588627010505e-03
8.928928928928928643e-01 5.136237695524334401e-03
8.938938938938938428e-01 4.395938340283288802e-03
8.948948948948949322e-01 3.751591571553887852e-03
8.958958958958959107e-01 3.192645398546217327e-03
8.968968968968968891e-01 2.709349273462207091e-03
8.978978978978978676e-01 2.292766767700680271e-03
8.988988988988988460e-01 1.934770066884940447e-03
8.998998998998999355e-01 1.628019214205111195e-03
9.009009009009009139e-01 1.365929149040576206e-03
9.019019019019018923e-01 1.142627542458578283e-03
9.029029029029028708e-01 9.529062529584981156e-04
9.039039039039038492e-01 7.921689476581726327e-04
9.049049049049049387e-01 6.563770892036680871e-04
9.059059059059059171e-01 5.419961082931026679e-04
9.069069069069068956e-01 4.459431934546691906e-04
9.079079079079078740e-01 3.655377564190716191e-04
9.089089089089088525e-01 2.984552904643374659e-04
9.099099099099099419e-01 2.426850423363880556e-04
9.109109109109109204e-01 1.964916723752129337e-04
9.119119119119118988e-01 1.583808842992742803e-04
9.129129129129128772e-01 1.270688639316816841e-04
9.139139139139138557e-01 1.014552703597828166e-04
9.149149149149149451e-01 8.059946708719980179e-05
9.159159159159159236e-01 6.369965714987756557e-05
9.169169169169169020e-01 5.007458718792229707e-05
9.179179179179178805e-01 3.914750374374985511e-05
9.189189189189188589e-01 3.043207407618608886e-05
9.199199199199199484e-01 2.352001812287529632e-05
9.209209209209209268e-01 1.807023371152267715e-05
9.219219219219219053e-01 1.379923072529784169e-05
9.229229229229228837e-01 1.047271978332629233e-05
9.239239239239238621e-01 7.898226152435836603e-06
9.249249249249249516e-01 5.918619843137385834e-06
9.259259259259259300e-01 4.406468468520957071e-06
9.269269269269269085e-01 3.259131097837463907e-06
9.279279279279278869e-01 2.394519820149336580e-06
9.289289289289288654e-01 1.747461883250847861e-06
9.299299299299299548e-01 1.266599863060299328e-06
9.309309309309309333e-01 9.117710016778039660e-07
9.319319319319319117e-01 6.518101313054473435e-07
9.329329329329328901e-01 4.627238249633906622e-07
9.339339339339339796e-01 3.261867904868382616e-07
9.349349349349349581e-01 2.283151405905733357e-07
9.359359359359359365e-01 1.586750279807893511e-07
9.369369369369369149e-01 1.094891688946315890e-07
9.379379379379378934e-01 7.500789485416761662e-08
9.389389389389389828e-01 5.101546190403244316e-08
9.399399399399399613e-01 3.444630392587898617e-08
9.409409409409409397e-01 2.308965128261561158e-08
9.419419419419419182e-01 1.536437846390331146e-08
9.429429429429428966e-01 1.014904816258125173e-08
9.439439439439439861e-01 6.654860333077872403e-09
9.449449449449449645e-01 4.331589046144286211e-09
9.459459459459459429e-01 2.798609119741400516e-09
9.469469469469469214e-01 1.794802152832310577e-09
9.479479479479478998e-01 1.142519079559392669e-09
9.489489489489489893e-01 7.218992697761288549e-10
9.499499499499499677e-01 4.527413851952949613e-10
9.509509509509509462e-01 2.818245750444685321e-10
9.519519519519519246e-01 1.741235910904340802e-10
9.529529529529529031e-01 1.067780135507315675e-10
9.539539539539539925e-01 6.499010464524936661e-11
9.549549549549549710e-01 3.925995766981762070e-11
9.559559559559559494e-01 2.353888586677519224e-11
9.569569569569569278e-01 1.400722209669610590e-11
9.579579579579579063e-01 8.272655663074713147e-12
9.589589589589589957e-01 4.849106299711338209e-12
9.599599599599599742e-01 2.820976619970724137e-12
9.609609609609609526e-01 1.628754690510132647e-12
9.619619619619619311e-01 9.333141205882933395e-13
9.629629629629629095e-01 5.307789218100130780e-13
9.639639639639639990e-01 2.995787655762691120e-13
9.649649649649649774e-01 1.678100240054961917e-13
9.659659659659659559e-01 9.328942025522636872e-14
9.669669669669669343e-01 5.146982984724867210e-14
9.679679679679679127e-01 2.818235239018102195e-14
9.689689689689690022e-01 1.531455362522704331e-14
9.699699699699699806e-01 8.259096708935343305e-15
9.709709709709709591e-01 4.420388731704933777e-15
9.719719719719719375e-01 2.347938686952165572e-15
9.729729729729729160e-01 1.237685100362728792e-15
9.739739739739740054e-01 6.474846970813280135e-16
9.749749749749749839e-01 3.361581642504572619e-16
9.759759759759759623e-01 1.732014642883802542e-16
9.769769769769769407e-01 8.856297201444971383e-17
9.779779779779779192e-01 4.494119003086522252e-17
9.789789789789790087e-01 2.263225356289346997e-17
9.799799799799799871e-01 1.131100005654855658e-17
9.809809809809809655e-01 5.610006299688868374e-18
9.819819819819819440e-01 2.761302836184579906e-18
9.829829829829829224e-01 1.348814779701368067e-18
9.839839839839840119e-01 6.538489871695899088e-19
9.849849849849849903e-01 3.145493290064814854e-19
9.859859859859859688e-01 1.501708279779510764e-19
9.869869869869869472e-01 7.114874690819973229e-20
9.879879879879879256e-01 3.345285542516930422e-20
9.889889889889890151e-01 1.560927757637742370e-20
9.899899899899899935e-01 7.227956378728549356e-21
9.909909909909909720e-01 3.321473641889009881e-21
9.919919919919919504e-01 1.514705301958790761e-21
9.929929929929930399e-01 6.854993185488592226e-22
9.939939939939940183e-01 3.078697173184402026e-22
9.949949949949949968e-01 1.372168725338661371e-22
9.959959959959959752e-01 6.069154721998160715e-23
9.969969969969969537e-01 2.663965627166231672e-23
9.979979979979980431e-01 1.160401604496085846e-23
9.989989989989990216e-01 5.016108423592732736e-24
1.000000000000000000e+00 2.151810432259509171e-24
